Axis Rx

10,11,17,18,19,20,21,21,22,27,28,30,32,36,38,39,39,40,41,41,41,42,42,43,44,45,45,46,47,47,47,48,49,49,50,50,51,52,52,52,53,53,53,54,54,55,55,56,56,57,57,57,58,58,58,59,59,59,60,60,61,61,62,63,63,64,64,65,66,67,67,68,68,68,69,70,70,70,71,71,71,72,72,72,73,73,73,74,74,74,75,75,76,77,77,77,78,79,79,80,80,80,81,81,82,83,84,84,85,85,86,86,86,87,87,87,88,88,88,89,90,90,90,91,91,92,92,92,93,93,94,94,94,95,95,96,96,96,97,97,98,98,99,99,99,100,100,101,101,101,102,102,103,103,103,104,104,104,105,105,106,106,107,107,107,108,108,109,109,110,110,110,111,111,111,112,112,113,113,113,114,114,115,115,116,116,116,117,117,117,118,118,119,119,119,120,120,120,121,121,121,122,122,122,123,123,124,124,124,125,125,125,126,126,126,127,127,127,128,128,128,129,129,129,130,130,130,131,131,131,132,132,132,133,133,133,134,134,134,135,135,135,136,136,136,137,137,137,138,138,138,139,139,139,140

Axis Ry

2.21,0.0,0.5,0.73,0.39,1.26,1.0,0.96,2.15,1.78,2.25,3.28,3.0079,2.478,2.1,0.61,0.812,0.93,0.5213,0.76,0.641,0.98,0.92,1.08,1.7,1.52,1.6,1.545,1.43,1.36,1.19,1.2599,1.1001,1.1401,1.56,1.35,1.495,1.52,1.46,1.3692,1.18,1.41,1.55,1.6299,1.31,1.1,1.05,1.26,1.11,1.45,1.45,1.46,1.46,1.497,1.44,1.51,1.21,1.065,1.07,1.39,1.37,1.15,1.09,1.2,1.15,1.25,1.36,1.48,1.428,1.88,1.63,2.0275,1.87,1.89,2.0375,2.17,2.04,1.9725,2.07,1.94,1.955,1.81,1.87,1.78,1.8,1.84,1.76,1.75,1.874,1.59,1.5,1.65,1.6,1.72,1.5782,1.5765,1.6257,1.47,1.6116,1.79,1.8,1.74,1.63,1.686,1.47,1.18,1.4,1.41,1.23,1.51,1.36,1.35,1.18,1.33,1.1699,1.27,1.52,1.5,1.6,1.55,1.75,1.7001,1.91,1.94,1.64,1.644,1.8,1.93,1.89,2.04,1.992,2.006,1.96,1.76,1.62,1.8499,1.6,1.54,1.655,1.52,1.85,1.72,1.71,1.56,1.91,1.96,1.87,1.79,1.8,1.76,1.6,1.46,1.54,1.78,1.7,1.71,1.93,1.9899,1.96,2.02,1.8,1.78,1.78,1.7,1.76,1.9223,1.7,1.72,1.863,1.64,1.456,1.51,1.65,1.6903,1.725,1.58,1.59,1.75,1.53,1.66,1.73,1.94,1.78,1.795,1.89,1.925,2.045,2.05,2.14,2.11,2.02,1.975,2.101,2.08,2.2699,2.05,2.15,2.0901,2.038,2.16,2.03,2.14,2.19,2.04,2.11,2.14,2.2177,2.27,2.33,2.16,2.21,2.02,2.14,2.25,2.11,2.255,2.35,2.28,2.12,2.1101,2.08,2.06,2.05,1.91,1.82,1.73,1.47,1.68,1.78,1.71,1.71,1.75,1.72,1.87,1.932,1.98,1.96,1.66,1.46,1.6711,1.41,1.26,1.48,1.28,1.66,1.71,1.73,1.57,1.62,1.67,1.42,1.31,1.1,0.98,1.16

Axis Rz:254

130.0,130.0,130.0,130.0,130.0,130.0,130.0,130.0,130.0,130.0,130.0,130.0,130.0,130.0,130.0,130.0,130.0,130.0,130.0,130.0,130.0,130.0,130.0,130.0,130.0,130.0,130.0,130.0,130.0,130.0,130.0,130.0,130.0,130.0,130.0,130.0,130.0,130.0,130.0,130.0,130.0,130.0,130.0,130.0,130.0,130.0,130.0,130.0,130.0,0,130.0,0,130.0,130.0,130.0,130.0,130.0,130.0,130.0,130.0,130.0,130.0,130.0,130.0,130.0,130.0,130.0,130.0,130.0,130.0,130.0,130.0,130.0,130.0,130.0,130.0,130.0,130.0,130.0,130.0,130.0,130.0,130.0,130.0,130.0,130.0,130.0,130.0,130.0,130.0,130.0,130.0,130.0,130.0,130.0,130.0,130.0,130.0,130.0,130.0,130.0,130.0,130.0,130.0,130.0,130.0,130.0,130.0,130.0,130.0,130.0,130.0,130.0,130.0,130.0,130.0,130.0,130.0,130.0,130.0,130.0,130.0,130.0,130.0,130.0,130.0,130.0,130.0,130.0,130.0,130.0,130.0,130.0,130.0,130.0,130.0,130.0,130.0,130.0,130.0,130.0,130.0,130.0,130.0,130.0,130.0,130.0,130.0,130.0,130.0,130.0,130.0,130.0,130.0,130.0,130.0,130.0,130.0,130.0,130.0,130.0,0,130.0,130.0,130.0,130.0,130.0,130.0,130.0,130.0,130.0,130.0,130.0,130.0,130.0,130.0,130.0,130.0,130.0,130.0,130.0,130.0,130.0,130.0,130.0,130.0,130.0,130.0,130.0,130.0,130.0,130.0,130.0,130.0,130.0,130.0,130.0,130.0,130.0,130.0,130.0,130.0,130.0,130.0,130.0,130.0,130.0,130.0,130.0,130.0,130.0,130.0,130.0,130.0,130.0,130.0,130.0,130.0,130.0,130.0,130.0,130.0,130.0,130.0,130.0,130.0,130.0,130.0,130.0,0,130.0,130.0,130.0,130.0,130.0,130.0,130.0,130.0,130.0,130.0,130.0,130.0,130.0,130.0,130.0,130.0,130.0,130.0,130.0,130.0,130.0,130.0,130.0,130.0